N=3
M_i=(3,3,3,3,3)
M_i_a=(1,1,1,1,1)
M_i_c=(2,2,2,2,2)
c=(
   (10,15,17,25,32),
   (1,1.5,2,2.5,3),
   (1.5,2,2.5,3,3.5,4),
   (15,20.5,23.5,25.5,30),
   (20,22.5,25.5,30.5,34)
   )
R_0=0.95
T_ij=((3,3,3,3,3),(3,3,3,3,3),(3,3,3,3,3,3),(3,3,3,3,3),(3,3,3,3,3))
T_ij_a=((3,3,3,3,3),(3,3,3,3,3),(3,3,3,3,3,3),(3,3,3,3,3),(3,3,3,3,3))
T_ij_c=((3,3,3,3,3),(3,3,3,3,3),(3,3,3,3,3,3),(3,3,3,3,3),(3,3,3,3,3))
'''
z_ij_lb=(
        (10,12,8,17,20),
        (15,6,7.5,8.5,15),
        (4.5,6,7.5,8,10,10.5),
        (15,17,18,19,20),
        (14,16,18,20,25)
        )   

z_ij_ub=(
        (23,21,11,25,26),
        (21,10.5,11,12,17.5),
        (8,9,10,11,12,12.5),
        (21,22,23,26,27),
        (20,21,24,28,31)
        )

'''
z_ij_lb=(
        (0,0,0,0,0),
        (0,0,0,0,0),
        (0,0,0,0,0),
        (15,17,18,19,20),
        (14,16,18,20,25)
        )   

z_ij_ub=(
        (50,50,50,50,50),
          (50,50,50,50,50),
          (50,50,50,50,50),
        (21,22,23,26,27),
        (20,21,24,28,31)
        )
M_ssnn=-115    

# equal for all item inside
L=(1,1,1,1,1)
U=(8,8,8,8,8)
#U=(9,9,9,9,9)
D_L_list=[29]

OutOfSample=10000
D_L=D_L_list[0]


z_ij_ub_train=z_ij_ub
z_ij_lb_train=z_ij_lb

z_ij_ub_test=z_ij_ub
z_ij_lb_test=z_ij_lb
